,square,rectangle,parallelogram,losange,isoTrapezoid,kite,rightKite,rustedHinge,hinge,trapezoid,random
square,0.0,187.31227126161386,368.29085117593706,442.1687377877751,414.4274246616642,436.6339829756905,438.9472411054941,444.4859381774488,430.5354491632276,423.6738077641033,519.7916404855695
rectangle,187.31227126161386,0.0,317.08494752642326,412.1350005761166,456.4203120036692,459.7276381623872,465.26528789202564,439.96467116529067,417.78954406692213,440.0896972068263,537.3010229069322
parallelogram,368.29085117593706,317.08494752642326,0.0,179.08181964353383,398.3348397705232,423.49722023209813,414.19452728249445,379.7259955318756,361.6021068681266,327.36031024944276,432.7033791506579
losange,442.1687377877751,412.1350005761166,179.08181964353383,0.0,408.6920817866415,444.8683425077117,428.70290321388785,384.61940664883076,379.08546480449553,316.9067972093462,388.67567761265866
isoTrapezoid,414.4274246616642,456.4203120036692,398.3348397705232,408.6920817866415,0.0,249.40416295057142,221.63364977610618,332.15676884530217,329.18538731155104,229.38868407869202,300.2531761210362
kite,436.6339829756905,459.7276381623872,423.49722023209813,444.8683425077117,249.40416295057142,0.0,160.56600921518725,327.3930164970623,311.30540920293396,297.921888655598,352.8759734784668
rightKite,438.9472411054941,465.26528789202564,414.19452728249445,428.70290321388785,221.63364977610618,160.56600921518725,0.0,300.9421818318991,290.83672473046477,250.7731858902439,310.6440390360545
rustedHinge,444.4859381774488,439.96467116529067,379.7259955318756,384.61940664883076,332.15676884530217,327.3930164970623,300.9421818318991,0.0,108.15916916515783,317.7870259071641,318.72809891914227
hinge,430.5354491632276,417.78954406692213,361.6021068681266,379.08546480449553,329.18538731155104,311.30540920293396,290.83672473046477,108.15916916515783,0.0,306.21243221997275,318.0200208411495
trapezoid,423.6738077641033,440.0896972068263,327.36031024944276,316.9067972093462,229.38868407869202,297.921888655598,250.7731858902439,317.7870259071641,306.21243221997275,0.0,230.5349948654908
random,519.7916404855695,537.3010229069322,432.7033791506579,388.67567761265866,300.2531761210362,352.8759734784668,310.6440390360545,318.72809891914227,318.0200208411495,230.5349948654908,0.0
