,square,rectangle,parallelogram,losange,isoTrapezoid,kite,rightKite,rustedHinge,hinge,trapezoid,random
square,0.0,137.97887309123416,221.5705729368487,325.91825625639206,255.9429485925211,192.93708951159866,224.78146311331489,220.16519173258385,209.20883336586317,304.3121415492332,343.9134300943214
rectangle,137.97887309123416,0.0,208.04993330125876,334.0620391978382,310.6387910822748,213.59894917057417,259.3336161235323,188.75509635277365,173.67581401251206,344.2255441001039,383.2767598368208
parallelogram,221.5705729368487,208.04993330125876,0.0,162.1653488561307,221.91098951292537,236.55616048200542,196.36621322052963,233.7589110143255,213.247830411013,210.12224861610943,252.77142694285033
losange,325.91825625639206,334.0620391978382,162.1653488561307,0.0,225.46385162512163,328.57327734073647,246.58093623886487,333.2396096533564,315.1694578417521,166.35060321198338,197.48057068156706
isoTrapezoid,255.9429485925211,310.6387910822748,221.91098951292537,225.46385162512163,0.0,228.5787433646945,143.38351132680552,297.2721333132488,281.4471527376032,136.15352636981314,177.78020053114713
kite,192.93708951159866,213.59894917057417,236.55616048200542,328.57327734073647,228.5787433646945,0.0,147.7756279667834,197.58932542867498,189.23656155663994,293.0529198743322,321.72921952936133
rightKite,224.78146311331489,259.3336161235323,196.36621322052963,246.58093623886487,143.38351132680552,147.7756279667834,0.0,233.58835867015907,220.19642731856078,185.8879838080573,220.70105707633027
rustedHinge,220.16519173258385,188.75509635277365,233.7589110143255,333.2396096533564,297.2721333132488,197.58932542867498,233.58835867015907,0.0,63.24581034357223,329.89146757143465,342.5869586692629
hinge,209.20883336586317,173.67581401251206,213.247830411013,315.1694578417521,281.4471527376032,189.23656155663994,220.19642731856078,63.24581034357223,0.0,311.0772469330851,327.8608862961006
trapezoid,304.3121415492332,344.2255441001039,210.12224861610943,166.35060321198338,136.15352636981314,293.0529198743322,185.8879838080573,329.89146757143465,311.0772469330851,0.0,125.89144084829056
random,343.9134300943214,383.2767598368208,252.77142694285033,197.48057068156706,177.78020053114713,321.72921952936133,220.70105707633027,342.5869586692629,327.8608862961006,125.89144084829056,0.0
