,square,rectangle,parallelogram,losange,isoTrapezoid,kite,rightKite,rustedHinge,hinge,trapezoid,random
square,0.0,91.68953644058323,125.082691172171,209.84399226474767,156.7691935695164,67.53246234365157,119.30375820681024,111.98518850517581,108.46770308549029,195.7581609732621,213.65835215709788
rectangle,91.68953644058323,0.0,128.25733025051605,226.92644850180247,202.362324730001,78.95434789850134,147.7422479357459,59.098689450386864,54.720893525833816,233.6675215923559,250.75617360516907
parallelogram,125.082691172171,128.25733025051605,0.0,109.21498681365378,114.61096532222987,110.61948276447221,70.26595185134066,126.58576261201952,114.25367119725117,126.39435285120044,140.11930202022393
losange,209.84399226474767,226.92644850180247,109.21498681365378,0.0,101.52254353189318,200.64884973265202,119.1121617523578,220.62065403368058,206.7595813133211,71.52024154278496,82.61307112717648
isoTrapezoid,156.7691935695164,202.362324730001,114.61096532222987,101.52254353189318,0.0,157.23875642730667,80.39986412654957,201.20897672152827,188.08107385103906,57.425232039096805,84.93944829057777
kite,67.53246234365157,78.95434789850134,110.61948276447221,200.64884973265202,157.23875642730667,0.0,99.84435597811073,84.33564447151575,79.88740989368922,194.64239040047636,208.52016322170323
rightKite,119.30375820681024,147.7422479357459,70.26595185134066,119.1121617523578,80.39986412654957,99.84435597811073,0.0,141.56292542572857,130.77914851061465,104.96753007545722,118.5133050929559
rustedHinge,111.98518850517581,59.098689450386864,126.58576261201952,220.62065403368058,201.20897672152827,84.33564447151575,141.56292542572857,0.0,28.6287889628676,229.45252324591115,240.72331210663546
hinge,108.46770308549029,54.720893525833816,114.25367119725117,206.7595813133211,188.08107385103906,79.88740989368922,130.77914851061465,28.6287889628676,0.0,215.9066740747007,229.0289504961669
trapezoid,195.7581609732621,233.6675215923559,126.39435285120044,71.52024154278496,57.425232039096805,194.64239040047636,104.96753007545722,229.45252324591115,215.9066740747007,0.0,49.28464708839854
random,213.65835215709788,250.75617360516907,140.11930202022393,82.61307112717648,84.93944829057777,208.52016322170323,118.5133050929559,240.72331210663546,229.0289504961669,49.28464708839854,0.0
