,square,rectangle,parallelogram,losange,isoTrapezoid,kite,rightKite,rustedHinge,hinge,trapezoid,random
square,0.0,9.57871557533599,10.991183511353924,12.835213735909681,7.71260163424492,6.167992340640172,5.708385872273041,9.53367416792495,9.4631668560775,7.553673896574673,10.363958008250696
rectangle,9.57871557533599,0.0,7.238848885185205,10.003618290933428,12.327072360272401,10.114993302415865,9.741852930352024,7.370039452034616,6.166783811303984,9.964141666419806,12.301656690021453
parallelogram,10.991183511353924,7.238848885185205,0.0,7.134110300507125,12.51001351814961,11.391890671515243,10.697988475410824,8.725838899553567,7.719839773908671,10.01806895288356,11.8840528525049
losange,12.835213735909681,10.003618290933428,7.134110300507125,0.0,12.95514606257498,12.771034704562041,12.38976384739573,9.482488356690146,9.151041621153892,10.379780268871913,10.38507558094824
isoTrapezoid,7.71260163424492,12.327072360272401,12.51001351814961,12.95514606257498,0.0,7.6730135007077775,7.349616628785682,11.75555115846068,12.00322341468477,8.311658532184532,9.68762593347245
kite,6.167992340640172,10.114993302415865,11.391890671515243,12.771034704562041,7.6730135007077775,0.0,5.421609424744984,10.844142797911278,10.810654522172785,9.05570066352432,11.055691194308546
rightKite,5.708385872273041,9.741852930352024,10.697988475410824,12.38976384739573,7.349616628785682,5.421609424744984,0.0,10.217034393088968,10.138372137228334,7.4694689891391395,10.655083115666157
rustedHinge,9.53367416792495,7.370039452034616,8.725838899553567,9.482488356690146,11.75555115846068,10.844142797911278,10.217034393088968,0.0,3.8669585287255717,9.658900007383307,10.834431131158018
hinge,9.4631668560775,6.166783811303984,7.719839773908671,9.151041621153892,12.00322341468477,10.810654522172785,10.138372137228334,3.8669585287255717,0.0,9.53664143951378,11.104555422540841
trapezoid,7.553673896574673,9.964141666419806,10.01806895288356,10.379780268871913,8.311658532184532,9.05570066352432,7.4694689891391395,9.658900007383307,9.53664143951378,0.0,7.815517728655146
random,10.363958008250696,12.301656690021453,11.8840528525049,10.38507558094824,9.68762593347245,11.055691194308546,10.655083115666157,10.834431131158018,11.104555422540841,7.815517728655146,0.0
