,square,rectangle,parallelogram,losange,isoTrapezoid,kite,rightKite,rustedHinge,hinge,trapezoid,random
square,0.0,22.180864716278887,33.42816479969749,40.92271201076187,26.33546026040814,25.909791299647427,25.837416773810535,32.145168971850964,30.398740279038172,29.291442719230258,37.737916720089295
rectangle,22.180864716278887,0.0,24.602128179619406,36.15210938055868,36.778716308728846,32.31502220816893,32.64107228775136,29.934142790973844,26.226166967266117,33.64958713860302,42.52592877823699
parallelogram,33.42816479969749,24.602128179619406,0.0,20.995080496364462,38.63721684799286,39.287885707479596,36.335200718373805,34.51824688421612,30.757754239104028,29.182663482185216,37.619457720918156
losange,40.92271201076187,36.15210938055868,20.995080496364462,0.0,40.972271373654124,44.23802098957438,40.76524438216746,38.67084486613979,36.60197428573043,29.308333641298873,32.871825735073955
isoTrapezoid,26.33546026040814,36.778716308728846,38.63721684799286,40.972271373654124,0.0,25.272423831322506,23.264299800709367,38.32518779195332,37.76682869510191,23.760440898733098,29.63815934209549
kite,25.909791299647427,32.31502220816893,39.287885707479596,44.23802098957438,25.272423831322506,0.0,17.05221660218747,35.73759504744809,34.67095691472958,34.203450710846035,38.624003230946414
rightKite,25.837416773810535,32.64107228775136,36.335200718373805,40.76524438216746,23.264299800709367,17.05221660218747,0.0,35.25369407691273,33.901125575665304,26.16774985180544,33.70126974536044
rustedHinge,32.145168971850964,29.934142790973844,34.51824688421612,38.67084486613979,38.32518779195332,35.73759504744809,35.25369407691273,0.0,10.446162013082077,36.10872048322813,37.05754836872131
hinge,30.398740279038172,26.226166967266117,30.757754239104028,36.60197428573043,37.76682869510191,34.67095691472958,33.901125575665304,10.446162013082077,0.0,34.248680625245235,36.02759037500598
trapezoid,29.291442719230258,33.64958713860302,29.182663482185216,29.308333641298873,23.760440898733098,34.203450710846035,26.16774985180544,36.10872048322813,34.248680625245235,0.0,21.172556711939173
random,37.737916720089295,42.52592877823699,37.619457720918156,32.871825735073955,29.63815934209549,38.624003230946414,33.70126974536044,37.05754836872131,36.02759037500598,21.172556711939173,0.0
