,square,rectangle,parallelogram,losange,isoTrapezoid,kite,rightKite,rustedHinge,hinge,trapezoid,random
square,0.0,4.027508595616537,5.057387392385187,6.009286430926446,3.186641226670228,2.716337773200215,2.2872900484970717,4.241200080565166,4.129146257701673,3.4525550409317876,4.848913538855813
rectangle,4.027508595616537,0.0,3.1716196189755106,4.716293756569715,5.50150052335048,4.502695507130036,4.323456016266885,3.399499539932156,2.7309491711453195,4.488644989111184,5.7129041469396045
parallelogram,5.057387392385187,3.1716196189755106,0.0,3.2151561827461244,5.8116654574906725,5.4430629630271925,5.011122723729465,4.123458286725511,3.5214394244338556,4.457391033925832,5.476498995758729
losange,6.009286430926446,4.716293756569715,3.2151561827461244,0.0,6.099965110950513,6.170243789114704,5.8741777907508474,4.550595962358563,4.328921669710185,4.639928127638979,4.6656840288713
isoTrapezoid,3.186641226670228,5.50150052335048,5.8116654574906725,6.099965110950513,0.0,3.370070898461501,3.1390307034174527,5.3832069544370516,5.422884537651723,3.653907635933441,4.453311492166557
kite,2.716337773200215,4.502695507130036,5.4430629630271925,6.170243789114704,3.370070898461501,0.0,2.3544939562800993,5.091986674963431,5.040392215069009,4.393278793931871,5.419013688982969
rightKite,2.2872900484970717,4.323456016266885,5.011122723729465,5.8741777907508474,3.1390307034174527,2.3544939562800993,0.0,4.783653280084692,4.6820878145480975,3.441083604719494,5.071630498231494
rustedHinge,4.241200080565166,3.399499539932156,4.123458286725511,4.550595962358563,5.3832069544370516,5.091986674963431,4.783653280084692,0.0,1.4218955082067044,4.499218947939269,4.9988630306136015
hinge,4.129146257701673,2.7309491711453195,3.5214394244338556,4.328921669710185,5.422884537651723,5.040392215069009,4.6820878145480975,1.4218955082067044,0.0,4.329384949603669,5.068902940851777
trapezoid,3.4525550409317876,4.488644989111184,4.457391033925832,4.639928127638979,3.653907635933441,4.393278793931871,3.441083604719494,4.499218947939269,4.329384949603669,0.0,3.3363743637678076
random,4.848913538855813,5.7129041469396045,5.476498995758729,4.6656840288713,4.453311492166557,5.419013688982969,5.071630498231494,4.9988630306136015,5.068902940851777,3.3363743637678076,0.0
