,square,rectangle,parallelogram,losange,isoTrapezoid,kite,rightKite,rustedHinge,hinge,trapezoid,random
square,0.0,4.693643174440256,6.225178028884199,7.4130288366931785,3.7715700671786427,3.3116878574355293,2.786878407353112,5.149583280749889,4.939129061603858,4.247541455211019,5.922103821444444
rectangle,4.693643174440256,0.0,3.91576011873898,5.857451774057048,6.564986134367365,5.315917626425054,5.150295250042803,4.238078938933697,3.368033297110749,5.391175807783858,6.987713294733639
parallelogram,6.225178028884199,3.91576011873898,0.0,3.7949542838941035,7.152792216628482,6.733134928106938,6.17965757594228,5.202901718589221,4.399018209941721,5.247228450032476,6.594206679287177
losange,7.4130288366931785,5.857451774057048,3.7949542838941035,0.0,7.575826235730318,7.684217072106102,7.229434006693924,5.8232398032989146,5.48431869763303,5.476298705059426,5.669459816040365
isoTrapezoid,3.7715700671786427,6.564986134367365,7.152792216628482,7.575826235730318,0.0,4.035817522298227,3.7255470444388292,6.569952679680395,6.548872565589599,4.392446267264378,5.33414590064082
kite,3.3116878574355293,5.315917626425054,6.733134928106938,7.684217072106102,4.035817522298227,0.0,2.8495195495938517,6.230482390958068,6.124037117534423,5.521444795081145,6.765242852974634
rightKite,2.786878407353112,5.150295250042803,6.17965757594228,7.229434006693924,3.7255470444388292,2.8495195495938517,0.0,5.939811141268234,5.764220797655483,4.191767557559022,6.175626967159148
rustedHinge,5.149583280749889,4.238078938933697,5.202901718589221,5.8232398032989146,6.569952679680395,6.230482390958068,5.939811141268234,0.0,1.678456935273218,5.584232390209236,6.168880812334957
hinge,4.939129061603858,3.368033297110749,4.399018209941721,5.48431869763303,6.548872565589599,6.124037117534423,5.764220797655483,1.678456935273218,0.0,5.276715175874151,6.167682639848423
trapezoid,4.247541455211019,5.391175807783858,5.247228450032476,5.476298705059426,4.392446267264378,5.521444795081145,4.191767557559022,5.584232390209236,5.276715175874151,0.0,3.7999942500125767
random,5.922103821444444,6.987713294733639,6.594206679287177,5.669459816040365,5.33414590064082,6.765242852974634,6.175626967159148,6.168880812334957,6.167682639848423,3.7999942500125767,0.0
