,square,rectangle,parallelogram,losange,isoTrapezoid,kite,rightKite,rustedHinge,hinge,trapezoid,random
square,0.0,6.297187246586762,7.704689323467767,9.075781909949294,4.9946734925985,4.177483829288836,3.639096641237213,6.495195949574926,6.382631378651382,5.207070791110731,7.278656003963078
rectangle,6.297187246586762,0.0,4.872621891361768,7.069633273724194,8.464779686317819,6.891992305579682,6.62110328384663,5.087959756134217,4.1588448674267875,6.822989637306331,8.594804390594966
parallelogram,7.704689323467767,4.872621891361768,0.0,4.906429703724531,8.840257614352359,8.179348341093727,7.571585053977721,6.164496755447181,5.331883060303583,6.908338759316967,8.356061011499088
losange,9.075781909949294,7.069633273724194,4.906429703724531,0.0,9.225767809411396,9.207479615836048,8.832907712020514,6.770523198214341,6.469527401688369,7.203833803246033,7.222861465230925
isoTrapezoid,4.9946734925985,8.464779686317819,8.840257614352359,9.225767809411396,0.0,5.209063624807748,4.882074717747124,8.18592528796721,8.30713218801402,5.667115118368855,6.805558698458929
kite,4.177483829288836,6.891992305579682,8.179348341093727,9.207479615836048,5.209063624807748,0.0,3.614763114034234,7.65504715768408,7.604852816992717,6.499908372390144,7.998304180948952
rightKite,3.639096641237213,6.62110328384663,7.571585053977721,8.832907712020514,4.882074717747124,3.614763114034234,0.0,7.1779204190605626,7.067548620822582,5.2154572517857085,7.592262729620372
rustedHinge,6.495195949574926,5.087959756134217,6.164496755447181,6.770523198214341,8.18592528796721,7.65504715768408,7.1779204190605626,0.0,2.30234511821593,6.7550230793341335,7.53881929855718
hinge,6.382631378651382,4.1588448674267875,5.331883060303583,6.469527401688369,8.30713218801402,7.604852816992717,7.067548620822582,2.30234511821593,0.0,6.569622585139807,7.6874010057850155
trapezoid,5.207070791110731,6.822989637306331,6.908338759316967,7.203833803246033,5.667115118368855,6.499908372390144,5.2154572517857085,6.7550230793341335,6.569622585139807,0.0,5.221353811416581
random,7.278656003963078,8.594804390594966,8.356061011499088,7.222861465230925,6.805558698458929,7.998304180948952,7.592262729620372,7.53881929855718,7.6874010057850155,5.221353811416581,0.0
