,square,rectangle,parallelogram,losange,isoTrapezoid,kite,rightKite,rustedHinge,hinge,trapezoid,random
square,0.0,6.338388550914309,8.764966936601022,10.5123356857939,5.43487587832641,4.847151129585482,4.2426809381586885,7.299770768986081,6.9097742199988526,6.156404553811573,8.474950895551641
rectangle,6.338388550914309,0.0,5.756011018058319,8.58042656498187,9.172593190987977,7.421354793739797,7.216012584446505,6.245353040060725,4.959330808929172,7.655442238429661,10.032519800314454
parallelogram,8.764966936601022,5.756011018058319,0.0,5.335554446591685,10.139090628483064,9.632790084700073,8.732317576592378,7.706513000222187,6.502544756221021,7.189197858020435,9.253952047216861
losange,10.5123356857939,8.58042656498187,5.335554446591685,0.0,10.79678606430714,11.014156580717728,10.241241928340264,8.713838869214609,8.15901053167618,7.554343330137148,8.047431267014844
isoTrapezoid,5.43487587832641,9.172593190987977,10.139090628483064,10.79678606430714,0.0,5.714886464053765,5.308462794676606,9.421679339771904,9.320557656079389,6.27613733776504,7.5333181735763795
kite,4.847151129585482,7.421354793739797,9.632790084700073,11.014156580717728,5.714886464053765,0.0,4.16804743096259,8.921452940724345,8.742421531985624,8.070902836840505,9.763156590657042
rightKite,4.2426809381586885,7.216012584446505,8.732317576592378,10.241241928340264,5.308462794676606,4.16804743096259,0.0,8.640074434578873,8.337051214435053,6.037977688324304,8.764662729968503
rustedHinge,7.299770768986081,6.245353040060725,7.706513000222187,8.713838869214609,9.421679339771904,8.921452940724345,8.640074434578873,0.0,2.464547239906634,8.131380584010811,8.953567221331955
hinge,6.9097742199988526,4.959330808929172,6.502544756221021,8.15901053167618,9.320557656079389,8.742421531985624,8.337051214435053,2.464547239906634,0.0,7.606686023346484,8.862376163226322
trapezoid,6.156404553811573,7.655442238429661,7.189197858020435,7.554343330137148,6.27613733776504,8.070902836840505,6.037977688324304,8.131380584010811,7.606686023346484,0.0,5.140005940502067
random,8.474950895551641,10.032519800314454,9.253952047216861,8.047431267014844,7.5333181735763795,9.763156590657042,8.764662729968503,8.953567221331955,8.862376163226322,5.140005940502067,0.0
